005569
002323
007954
001500
003985
007855
004234
003028
002302
000183
001797
001360
004210
002293
001506
001061
006157
002831
005876
004815
007197
004991
003885
003146
007116
004145
007920
001199
003320
001228
001332
005770
007231
005859
001885
000381
001373
004858
008179
005265
002657
006132
001747
003859
008245
006383
008305
000586
004311
000309
005176
003666
004450
007833
000940
000114
008424
000161
006475
000763
004573
003671
005191
006336
008425
006983
000109
001372
001118
007898
002390
000105
003895
001830
002728
003894
001259
006755
002572
006613
007080
007702
008334
007781
002918
007953
008624
005430
002976
006515
006926
007432
006385
004143
004941
006887
000440
001995
007370
003265
000632
001840
000633
008177
004672
000672
003570
000066
000305
006245
001490
005184
003248
001344
005011
007927
001568
001404
008244
004194
001350
007559
005280
007956
005088
002585
007485
002742
001300
005378
002569
000625
008635
000232
008533
008677
003325
005857
000756
006981
006202
005086
002068
006947
002536
008079
003433
000746
003765
000369
006444
008541
005141
005590
003328
002592
008688
002736
001800
008559
007225
005205
006097
004677
006354
002537
001782
002273
000207
002242
004009
007971
007462
004393
005648
007889
005185
007051
005211
007598
000506
006420
004033
007275
003226
000026
007203
003040
002789
003435
003156
008019
000323
003605
001032
008567
003584
002336
002810
005451
002853
008199
003068
004669
003009
006481
002830
008344
008489
004493
004541
007779
001577
005397
005436
008103
008503
007668
003516
001988
006566
004075
002739
006398
008516
006874
007653
001235
000847
003572
007782
006685
001741
008306
006000
008421
007372
004782
000148
008159
000960
004958
006924
001122
005370
001498
002998
003108
001795
004743
007654
005300
005474
002316
004747
008292
003855
003357
002437
006601
002467
002623
007294
005673
003554
002083
006780
004097
002486
002270
000490
004801
007072
005065
002255
008183
001780
005635
004422
000110
008349
007825
001190
002161
007251
008636
000762
008712
001866
006979
008440
003231
002010
001989
004963
000336
002795
004928
007711
004589
006845
004400
004890
003559
002865
004017
008002
004441
004605
006580
002099
006116
005586
005296
003485
002008
006723
002688
005110
007509
000842
003778
008623
004283
003099
002522
008023
008291
003988
008389
005855
007420
003321
000304
008675
000263
004597
004521
003798
002674
003130
002166
000202
000812
002891
001821
005165
008260
004620
004047
007565
004750
002885
004973
008480
000948
006846
006117
003427
002898
006967
006407
008283
005062
000240
000101
000522
006362
001211
002131
007026
002857
005254
007290
006379
005341
005803
000566
006829
004027
001579
001131
008162
002749
005916
005624
000860
008311
006793
008321
002777
000116
003610
005980
003253
002966
004919
007606
006148
005591
005797
004773
005221
000645
002978
004769
008340
002331
006137
002002
007516
006602
000964
007963
006441
000568
000354
005358
004990
000548
002122
001584
005881
004703
007325
002103
007058
006540
006314
007947
003864
004552
003632
006548
005799
003677
005268
000140
005530
003777
008131
003508
001942
007783
006877
007253
007287
008393
005559
002611
001381
003377
000466
005071
002194
001788
007574
007405
007071
002825
004204
005288
004845
005394
005342
008121
002445
007865
000248
006280
004383
006388
005125
002106
001915
000093
002793
007465
005523
000410
000799
004374
004630
000730
001475
003037
008563
002156
002967
000368
006032
007038
007732
008107
007236
005395
000877
005107
008313
003106
002168
000617
003476
006878
004220
005661
001120
006807
008090
006891
004257
008146
001965
003256
005250
008348
006572
004158
006296
001684
000403
003270
000967
001299
000563
006342
003131
007537
001210
000237
004002
000132
004211
004298
005332
003075
007369
004013
000265
007989
006659
001842
007554
007972
007394
005750
001679
003360
002001
006233
008301
008378
000300
000198
003796
000779
006925
002133
004538
005354
000604
004767
005716
002717
001161
008303
007518
001286
006795
008114
004683
006576
004507
002352
007591
006853
006479
000521
005921
002277
006024
003609
008732
005369
002801
005879
002700
006239
008323
003898
006857
002202
006055
006621
004500
005962
000256
000630
005662
004714
004761
005224
005040
007530
003779
002556
007725
007239
006882
005714
008210
001857
003378
004639
000119
004273
003275
005248
000371
003451
005686
003189
008578
005719
006881
004355
001759
007357
008619
004569
000083
004282
001452
006244
005200
007056
000845
007083
000107
004850
008479
002409
002113
007950
004040
005806
005409
003532
004051
006468
007078
004846
008218
004924
001982
002854
001888
008155
001379
000326
007897
000653
003810
007870
005350
001382
003950
004508
006084
000390
005408
000883
008241
000152
007552
005937
000717
001378
007265
006042
008033
003675
007977
008600
000395
002264
002534
000392
000197
008555
005841
007946
004072
001997
006912
008289
000401
004064
008330
000516
008137
006994
005518
008429
005115
008598
006844
008672
001021
005528
000512
006447
002668
000904
001403
002175
005667
005690
002641
004966
001946
005833
005757
004267
006703
002118
007645
006493
005537
008367
002142
002045
006029
005417
000738
005618
006133
006848
007768
002081
008296
002721
003304
003332
006514
005909
007102
006283
004026
002919
000527
007250
005963
000901
005302
004489
006525
006584
007886
006864
001643
004451
001105
003498
005995
000861
004169
003166
003952
006209
005657
002250
003862
003876
000234
008302
002775
004908
005952
005874
004135
000662
001447
002824
007928
007096
005846
007302
001351
006633
005048
001396
003548
005607
007747
002514
001639
002817
006489
007937
002838
008251
003551
003971
004452
007585
002835
003974
005923
003001
005363
006700
006792
001548
000895
008702
000339
000082
006788
004249
000214
000918
002186
002640
005771
003215
000998
003152
004739
005860
007040
005156
004715
007417
001638
005646
007885
005044
006997
004711
004063
001123
002989
008011
008036
003175
008141
006860
002072
003102
006535
005105
004023
008544
003680
001271
003998
008015
007803
007743
005360
003114
003715
000419
006412
004293
000669
006078
002927
000212
005064
003066
000915
000839
008287
008566
006743
000712
005789
007610
000137
002183
008042
004670
005347
003234
001646
000264
000644
004159
002738
008269
002650
005282
000015
002365
006957
007619
006745
003309
007938
005448
001542
002716
004378
005668
005678
000355
008745
002813
006450
007172
005610
002549
006208
005734
001582
006651
000499
002881
007663
001080
007733
002997
006749
008714
000696
007776
005152
004953
006582
003125
007934
001119
000594
004745
005672
005004
005473
003649
004186
000979
002140
005166
003353
005617
001279
005336
001813
001428
006843
007572
005444
004193
001191
004799
007126
006617
003401
005407
007180
004646
004574
004612
000790
000150
007498
003230
003959
004245
008436
004668
006537
003263
008224
001902
001366
007008
008565
007153
000985
007640
001200
005259
000062
006255
007316
004923
006371
005214
005725
002667
003700
007985
005758
006969
007101
005401
008451
003514
002764
007146
004617
000288
004524
005382
005596
008658
004104
005273
002637
004615
003220
008477
008338
006149
002996
005278
001250
001065
001967
002568
007679
003331
003747
004103
004608
005547
006661
008486
003790
005722
001087
000299
007254
006923
008379
000362
002259
003394
008314
000478
007143
004475
000769
001054
004896
004433
004553
001681
002986
008318
002590
001024
007903
002043
008361
004176
008032
003616
005882
006689
004156
004332
005737
001794
006687
004698
006234
002647
007097
002199
001219
004087
004935
006426
001738
005642
001434
005659
008297
003607
003110
000496
003288
007880
004184
002535
004918
003816
005174
005442
001529
002206
001489
002571
008626
003991
008166
002791
003100
001413
006781
001477
004789
002096
005976
001928
008201
004030
002368
000680
008132
003734
003713
004616
008008
004511
007259
000602
005449
002525
003938
000951
007795
007706
008225
004949
000562
006113
004599
002628
004133
003104
003180
002070
002796
004182
004480
006526
008016
007492
007901
000636
001333
007333
005948
000864
002597
008557
001031
002507
004137
002912
007801
002691
002823
005505
005631
000192
006904
004300
001973
003339
002454
007416
001127
000452
004224
008167
008639
000715
001882
001485
005235
006823
003794
000458
007214
000257
002560
002413
005414
007847
006177
002195
002913
002239
007736
001133
001931
001317
000260
004280
000049
003947
008381
008203
005015
003531
008054
008534
000341
005101
000938
001258
001723
002701
008653
006922
005762
003164
004561
005202
003826
001056
007264
007670
000567
005298
006343
001551
000714
006966
007678
000813
003525
002770
002975
003407
007481
007981
007166
008117
000420
001028
005712
001491
005616
000134
000052
005494
007140
007424
001543
003781
004473
003552
007672
008242
006062
005700
004309
008680
004003
004247
004128
003158
001084
008735
006454
008312
004344
008352
002406
003987
003978
007978
007582
003661
005242
001442
002261
005724
000092
000739
003389
002760
001790
000559
003326
007312
002627
004246
004545
008599
002420
004613
002899
003758
000992
002159
006419
006711
003196
000943
002852
002822
002214
003542
003011
005485
005880
000018
003854
003619
002695
006402
003202
004055
004796
003807
001692
000749
004061
002028
000147
001053
000145
007513
002226
002443
001184
005549
003973
001862
008064
003089
001000
003592
000615
002170
005565
005975
007568
005996
006965
006612
003140
005602
007426
003735
002995
006267
002958
002485
000319
003646
003167
002521
000972
002923
005638
007646
003489
006952
005279
000879
007531
006763
002392
005373
006709
006281
003994
002401
000892
001359
005427
007423
000070
003568
000441
007910
000437
001816
002040
003048
007685
002477
007976
007133
000200
005623
001853
006897
003074
008560
006812
006166
003643
001901
007854
008535
000899
004214
008447
002461
000558
006875
002788
000538
005972
006313
006929
008590
007643
002345
007842
000346
002237
005964
007392
006123
004897
001647
001685
001849
000100
003480
007282
005315
003878
003044
006143
006090
003333
003755
003884
008200
003005
001004
007171
001873
000366
007152
005045
001691
003315
001158
004774
002811
003127
002516
001430
008501
003282
004894
008586
002129
002488
005711
006827
002376
005215
008386
008307
002123
004547
006801
006417
001687
000462
002265
001826
008331
004150
005951
007006
008067
007690
000224
001621
006890
001729
002275
003922
003965
004520
001390
001969
004043
007202
000655
003018
000906
006536
000193
003813
001954
006236
004628
002598
006164
001789
004930
000671
000958
007150
000488
002054
003524
002799
008051
007932
000037
003455
008545
002287
004372
005694
007587
000047
003909
002880
003729
008185
005568
000170
003374
002155
003318
007230
004130
002704
006201
002084
006389
005895
007201
002038
006850
006459
006800
007570
001251
006909
000761
008697
003939
003392
006290
005139
006686
005035
001329
002326
003670
000865
005774
002746
000074
005626
002016
001963
005129
006751
003861
003006
007529
007666
000963
005637
001913
001623
008270
008229
002652
008030
002771
002837
003791
005299
007497
001678
007021
000199
006591
006669
008718
003428
004430
004083
007821
002335
000537
008522
004957
007382
006198
007012
006986
002833
001456
004581
008456
003165
002466
008593
005988
002972
006101
008645
002344
003244
006002
008149
006813
008102
005017
003406
003091
004244
008063
005869
006625
006051
001062
007600
000591
007482
006206
002136
006728
006374
000169
005339
003086
000222
003039
007558
007973
005775
001631
004659
000474
000427
003594
005276
003652
005365
000230
002933
004898
001302
003348
000743
003600
003295
005147
005821
005096
003015
007240
003793
000227
006824
006226
003316
006644
000835
006505
006618
001231
002291
006585
006815
000997
000313
003280
002567
000513
000460
003739
003370
000335
008375
006708
005319
003742
008365
000852
006091
000322
004142
005933
002843
006103
003728
001427
007216
008481
005884
001081
007115
007169
005307
006265
007731
004134
002720
004765
004869
005054
002629
008142
003025
003388
001617
007820
003094
002615
003960
000361
003553
005677
003472
006382
004642
000063
002393
001569
003688
003128
001972
007292
002558
001363
005357
004036
004770
000990
008444
004732
002382
006118
003869
007667
006889
001368
008694
002117
004555
006574
001772
004250
001850
002228
002501
003238
008592
002849
000754
007381
003658
008570
005466
008204
005281
006726
007503
007856
005894
006758
004303
008704
000551
001810
005196
006087
000524
001861
005517
003062
000360
007192
007590
004048
000425
007328
002829
002219
007888
007396
008426
008024
008235
006257
003192
005674
002626
001440
000931
005665
008601
004871
004368
008057
001066
000741
008383
002779
002181
000115
004643
000472
002478
008243
006122
008217
000505
001657
004515
002039
005055
001261
005729
001640
005575
001479
002702
007266
002312
002447
005002
007799
000757
001169
004510
000706
007740
002960
005998
002278
006868
004692
000072
003012
007455
001600
005741
005633
006210
007739
008061
004138
005747
000429
007185
007948
007766
005295
007322
002878
002423
002434
007961
004330
000599
001707
001312
006302
004180
008144
008055
002903
008284
001619
004410
002930
006972
000301
000330
001345
005852
002361
002017
004057
008342
004198
003557
006597
000574
006376
002021
002047
004221
004788
006910
003650
003636
000294
005234
008100
006214
007996
008717
002448
004266
007090
002778
000415
001895
002383
004502
007872
002197
000127
003903
005721
005428
001069
005039
008122
008153
005079
008498
000060
000387
003397
002697
005113
006641
008298
007110
003825
007331
008461
000252
003072
006907
008443
006769
004252
006698
007720
005480
004757
001076
003835
000076
002909
001559
000274
000178
004808
007005
005583
000556
000923
006577
001177
007796
008220
007195
004271
007769
008255
005979
004781
000891
002945
000829
007439
005515
005832
002593
004031
002304
007595
005844
000517
008145
005560
003535
003150
003474
008130
003919
005919
003633
001230
002076
002493
007505
004034
001324
007059
004295
006508
007378
004657
004570
006556
005553
005309
003996
006623
000544
005848
001516
006921
001025
000289
002649
000157
004431
006778
006693
005808
007539
005636
001474
005067
002502
000436
002828
000994
008092
007816
008666
000030
002314
003468
003494
006822
007520
006038
001526
006674
000370
006867
001716
000223
005959
001487
006606
000660
001266
002548
005695
005982
000296
005740
008703
007257
003588
007543
004651
005947
008748
007043
000811
000430
004424
005911
004888
006139
000418
004185
001505
004188
003603
008527
005328
004379
001674
000065
006325
000959
006366
005164
000087
001347
001863
001871
005546
004045
003203
004376
000737
002964
001937
004059
002905
001978
005180
004356
000843
006472
002580
001239
003087
004102
005958
000174
000914
007638
008540
004297
005345
006720
001049
006442
003211
004746
004205
007311
002678
005709
004704
007449
006608
007983
007186
005888
004929
001044
000919
008608
006483
006393
006862
004946
004691
003271
000888
003218
002821
006568
003866
000013
004373
006071
008085
005204
003817
006409
004349
006528
004490
008603
005422
000659
007958
003488
003841
001419
001553
003219
003162
001263
008163
005475
000143
001218
008246
001966
003614
000383
002604
000203
007131
002403
003577
006494
005462
006249
000375
005213
006189
007994
006851
006954
003141
006828
007680
001883
003629
003665
008295
005956
005960
001473
001270
006940
001618
004557
007330
003830
002067
004688
005073
007218
005114
005183
008376
008037
006129
001717
002372
006324
005447
001213
002399
005824
007249
000825
002887
001495
008552
006160
002956
004319
001987
004835
007009
002818
003466
005756
003240
005629
002379
001137
008574
005263
008450
006348
002050
003492
008641
006467
005262
004793
003518
003763
007397
002653
001361
007547
005901
006329
005127
003195
004166
000444
006125
006739
007658
004391
004025
006876
002719
007586
004964
003470
005131
005297
002579
000565
001546
002020
001082
004342
003169
003358
004560
008729
008722
008681
001019
005236
008076
006107
004189
000882
003517
004934
008622
003475
000826
007827
000581
001889
002968
005710
002346
000767
008629
004792
008525
007034
004831
001781
005868
008727
006346
006642
002095
008483
001829
003753
004970
006654
002324
000649
001389
008422
004157
006819
002432
003092
004203
001745
005658
003663
005326
007484
008475
008285
000475
005597
004881
007395
001558
002225
001751
000162
001416
002630
007681
001872
008746
008713
003069
008643
000297
001443
002815
004005
004977
006423
006943
006217
004175
008180
002090
007113
005915
004086
004232
000489
002785
007354
000932
000945
006787
008148
004727
003143
001996
003177
000503
004740
004039
003583
000968
001952
007562
007957
000156
008332
000722
007377
006016
004223
002689
000770
003252
004980
005076
001323
004425
004697
008496
008052
004076
004287
006628
000956
007986
006589
008108
005112
002012
003154
000890
007829
006629
002599
005679
002985
007673
006339
002915
000281
000729
006351
000667
002426
005889
002550
002929
004540
006863
007305
001756
003946
000774
001264
006184
007952
000601
000124
006984
002057
002058
000926
006738
005934
002433
008445
008068
008341
005865
001881
001923
008655
003444
001730
002524
004336
005468
006930
007373
005091
001406
006955
008178
008097
006852
006710
005866
006124
000258
006197
003027
001998
003547
004008
007380
006668
000683
006187
000587
008708
001736
006212
006270
006696
008105
003889
001668
001713
001601
004206
008494
001605
003822
005216
000464
006219
008000
007828
005256
004684
006695
004448
008723
004823
001518
001125
005930
008521
006057
001037
001999
003573
008294
001441
006333
006945
003080
004768
002395
008736
005312
004375
002023
006896
001201
000386
006268
000477
006058
004861
004363
005521
003058
003254
001844
000575
005359
001708
001468
000726
007754
003347
003349
003144
000731
003710
001515
000710
004095
003783
006293
002034
004859
005132
002889
005728
000011
002836
003842
005971
004284
000728
002925
004331
004238
007791
007515
005095
001798
008018
002189
001683
004708
000626
007688
007255
005019
003597
004601
007317
000246
002603
005042
004445
003901
002675
008577
003016
001356
002768
003414
005992
000096
005182
006066
001321
000438
006869
003330
002147
003056
001578
002757
004997
004666
005087
007697
003891
004993
006676
007149
006573
001010
004558
003054
003067
001507
005325
004736
002141
007001
001336
007104
004857
001247
006273
006647
005932
004065
008520
005669
002356
001437
002591
003768
005491
001026
007817
000913
001453
003505
001073
005029
004603
004893
002748
000654
006705
001212
008612
002230
007409
000596
007924
000108
004635
000886
004392
002782
002305
008290
007227
006159
006415
006750
007472
004361
004032
005822
001298
005246
006932
003776
004854
003046
000485
006264
000833
002419
006861
006712
002602
003772
003704
004020
004868
005304
008553
001296
000357
000153
002073
001079
003147
008606
006998
002962
001654
002158
008363
008506
006732
005588
001371
003760
005843
001423
007114
007220
004127
001478
005145
005117
005872
008676
000666
002523
000261
004263
002453
000495
005461
001173
001107
000310
002462
005744
006381
001838
007902
004068
000916
007148
005178
002851
007434
001238
004722
007608
005209
006039
002959
004438
005943
003856
003604
002606
007136
002860
004971
006153
005007
003365
001431
008399
007327
008610
004439
000610
003582
002299
007501
002869
003795
007221
003972
000081
008449
000849
006254
003882
001224
004986
001115
008696
008232
003655
000508
007184
006760
005786
005924
004345
004797
005188
007353
000978
003440
000782
001392
005862
008614
005577
004904
004998
001124
007636
004396
004529
002473
008111
000894
004472
005782
006341
004504
003473
008500
007737
001353
008129
004341
000621
004763
001450
007878
000703
008621
003803
007306
006516
000249
004277
006744
008327
007884
002513
004016
005707
001917
007242
003840
007421
001160
005654
002222
006355
005008
000855
000955
005823
004449
005520
008572
007343
005557
001688
005989
002212
002465
007016
008642
003945
004658
003386
003249
004534
007738
002693
006666
001436
005780
004077
004920
002949
000208
001166
005816
007442
000229
003545
002893
001331
004479
004817
004348
007477
002566
004591
003096
001892
008119
001439
007376
007238
007025
001097
002396
007190
006019
004780
006422
001702
007919
003958
007839
002087
000069
002062
006064
003874
001170
008077
000837
008176
000554
004951
002916
002022
003828
008198
006854
006590
007410
006517
002871
008515
000535
001408
000934
007564
003059
001435
004347
005490
000542
002803
003762
001950
001547
004453
008596
004582
002577
007798
002086
001099
002030
002105
003070
001349
000164
001278
008650
008272
001672
000668
007471
007684
002941
006488
000875
001425
001156
000226
001628
004982
005556
001328
004215
002819
007077
005258
000467
001831
005001
008638
004174
007261
002709
000247
007637
003022
003346
003026
003160
003229
007542
007712
000102
002388
007476
000561
003540
006397
000397
004334
007612
004167
002422
003432
004866
007810
003232
007142
000396
004762
007466
006138
007523
002672
007609
002699
008665
004623
008485
005689
006611
005379
006332
000947
001064
004717
000896
003754
002267
002938
007427
002424
002380
002004
005272
003198
001410
002563
004162
005362
002174
000885
002734
001567
003184
000098
002841
001303
002543
003678
000846
006640
003445
008328
004312
003509
006364
002444
001499
005540
005606
002018
005625
008441
002234
007295
007019
004010
007918
003626
000470
002362
006435
004512
005092
000808
007951
001316
006561
000536
007836
006158
007183
004794
002075
000863
002937
000944
003575
003934
007363
006274
008248
004814
008238
003398
000432
006557
003925
006352
008701
000987
006677
007922
004636
008150
001466
003738
003703
000736
002216
000647
005348
005051
004463
007709
000976
003668
005801
003914
008001
004821
005311
001941
006095
008308
000402
006953
006524
002685
007286
004129
007428
006960
007613
006408
006174
007441
000618
007233
005406
003345
007173
006098
001340
004494
005162
004543
004105
007371
000191
001818
007557
003276
003246
000603
005990
008433
000646
000541
004496
005445
006773
006445
005745
006370
006186
005261
000025
004035
007174
006637
005484
001374
002766
002063
006543
000685
001197
000848
008493
006586
002877
001955
004357
000928
002814
000952
005226
000285
003375
006985
002350
002124
006484
000253
003613
000507
000929
003555
008615
007475
005356
002926
008316
000123
004568
003117
007746
005522
004921
008737
001581
005109
003174
000981
005056
006579
005482
006162
006551
003766
007556
007496
005764
001267
002730
004931
002127
003975
006690
005870
007164
003631
003287
000103
002231
005708
005338
004197
007093
001451
000793
005495
001938
005257
004125
006328
007260
002612
001375
003562
007651
003602
005970
002897
002281
003356
003556
000597
003709
008088
001202
003129
003857
008028
000325
003362
000606
001149
002698
008004
006251
003369
000629
002482
008202
001920
005759
005121
005424
004192
003539
008473
001048
004084
000142
001182
003344
005381
003756
003213
007818
004562
008013
000893
007141
001386
007064
004482
007984
000338
007132
004124
006140
001455
005006
002620
003690
002247
000426
000523
003178
008709
005159
004813
000613
000569
001383
008370
006368
005025
001358
008276
002994
004917
006387
008679
006228
001994
005644
005828
005899
008453
002999
006171
006440
005839
004937
008537
001090
007450
002369
001611
005498
008452
006771
000054
002079
002961
006380
007837
002198
006079
002046
005450
007163
002663
004795
007979
008589
003038
003804
002670
005229
001699
006230
002839
000638
004960
007385
006747
003478
004423
006886
007830
007419
002109
007351
002288
008591
003438
005615
004913
006455
005502
000480
007635
004719
004652
002928
003052
008682
006203
008528
006361
004943
000903
007123
004388
005083
005020
006035
000828
002751
007460
001075
005614
006490
002411
003084
007627
008511
006783
005106
003748
007553
007304
007162
007935
006167
006252
002564
007446
002005
007109
004839
008359
003819
000709
008548
000504
005687
004395
001571
001180
000494
004073
005186
005463
000315
007178
001754
003628
008282
002868
003095
001847
002100
006534
006650
007656
004822
000088
000681
002619
008222
006575
007526
008409
004248
003483
003364
002144
007350
000578
004315
004905
004843
005210
006147
007314
004242
005784
007874
001223
006865
002097
008069
008427
000691
000035
002866
005292
005893
003630
007853
003308
001163
003591
005151
006563
001285
006428
004440
006532
007479
007340
001283
005913
001385
005198
003399
002359
002908
006734
005402
005322
002468
007082
007457
001880
004329
007744
003970
007806
001539
003055
007219
001104
004932
002415
001669
004503
002125
004567
003906
008470
002586
003923
001698
007344
007838
000422
003324
005641
006451
005343
000589
008047
006626
001086
002639
008211
000064
000827
002003
001497
002412
007566
001140
007389
004486
005245
006411
001262
001519
000312
006464
008667
003512
006552
006855
001422
005120
008252
007182
007862
002589
002499
000463
004807
006893
000682
002703
002289
001970
002711
004478
005158
004088
001706
007675
003503
001651
005310
003269
002263
007473
006485
001725
004460
002463
001586
002621
007701
004536
004554
004631
003534
002366
006933
005349
005704
007375
001175
003979
000724
006798
007633
007750
003701
006545
004024
004811
004288
005769
003995
001715
003933
006406
001565
005504
006627
002944
006121
000639
007338
002301
006216
001415
002049
002337
008710
002307
000210
001454
006340
000259
005412
000131
002761
000484
004862
008250
002193
005496
008630
000329
000831
003706
008005
000181
000907
003302
006223
002981
003479
001274
004678
007291
004962
003536
003567
008212
008460
002111
000376
005460
000167
006220
007899
000560
000302
005968
004100
002794
007200
001609
000399
001773
005346
006958
000880
002992
004406
001237
003171
002645
002546
002213
004317
006194
001815
003303
001785
004566
002750
004841
003335
005809
003239
006544
001933
008531
008164
008089
007665
004096
005195
001280
004435
001560
004122
007307
007596
006323
001642
000608
003221
008123
002631
005199
007664
002191
004546
002907
003654
004259
007493
003355
001689
002714
000570
003383
007507
003135
007671
007293
000141
005093
002207
007092
007689
002179
004777
003260
005192
001023
003622
003989
001319
003510
004144
004340
003351
001002
007053
003197
004851
002410
000211
006395
004443
000676
001932
000838
007411
005550
002562
004015
001033
004148
004154
004585
003718
006076
007569
008403
005053
008027
007091
000876
001265
001806
005787
003787
003173
008364
006663
006061
005815
005416
003124
002149
007549
003659
005435
007792
003673
000367
002035
007402
001391
005243
008274
005723
001458
008214
007808
004468
007965
002309
000095
008569
008575
008020
004353
001768
008504
007347
002367
000661
005699
008315
004276
002991
001749
003313
004226
004261
005082
007800
008382
006004
000155
005984
000623
008648
004885
005013
003183
004586
005441
002177
006917
003993
004111
002246
005781
008319
002618
006657
008661
005813
005653
001948
003343
000920
007735
006204
007504
008050
002973
007546
006100
000627
005440
004201
007682
005589
001038
007323
001667
002143
000089
006195
004914
006476
005748
000694
005730
001476
007763
003487
006247
006946
000163
003957
002451
007719
000086
008017
005437
003338
002557
000205
005099
001532
005193
006503
007939
003896
000697
004910
005993
001604
004537
000677
006322
001029
006717
006331
004744
006326
001276
006396
004592
007125
006995
007031
008104
001786
008730
006429
008195
000372
001504
007869
002439
004978
003954
006421
007589
004294
007729
001682
003382
005835
007187
003416
006279
008219
003935
002671
006809
006553
007726
003098
000897
000701
008618
007401
006919
002762
002416
000196
007764
007955
008539
001732
003284
001255
007039
002932
006767
004955
007438
002400
006391
002398
006497
006530
002491
004404
006554
008253
006092
007085
001176
001608
008390
004565
000492
000884
008587
007326
006803
004864
003159
001269
006299
000678
003462
003122
006599
007494
002031
003627
007873
005763
005954
002328
004398
005470
001852
005926
002061
004895
004060
001983
007811
000637
000059
000939
007336
007175
001411
002809
000870
001067
000809
004687
004492
002011
008362
007577
005670
008437
007992
003992
005230
004429
000393
002248
006242
000702
000061
000111
004784
003606
003797
007124
003936
002320
000840
004196
008640
008455
008505
008240
008140
004037
002735
006312
003899
004337
002934
001013
001438
002727
007120
007277
006775
003672
003381
004092
003278
003477
000311
002895
001117
001783
003564
005456
002290
004883
001870
000048
002408
000824
002093
007770
004629
006478
001109
003411
006742
002208
002056
005217
005746
000721
005329
005936
004833
007864
007168
002483
004527
004362
006081
000692
004455
001481
007644
003081
007271
005892
004506
003484
007443
003941
002665
005063
003716
008333
000781
002185
004488
003721
004327
005997
008139
000986
006971
003788
005318
008109
006163
002781
000019
006183
005953
008711
007299
001307
005144
006892
004467
006614
003500
003299
005380
007751
002900
005906
002527
007718
003153
002530
004965
008683
002137
007129
003421
005476
000787
008695
005384
000071
001576
003578
005426
005399
004240
007453
000172
004952
008258
005227
002215
000571
005994
001055
004265
002173
002715
005533
006477
008078
000113
007245
004458
004624
001027
001216
007982
007437
003585
006527
005331
007159
002487
001043
001414
004912
005150
007415
001036
002205
005611
003120
004307
008070
002104
006615
007241
007721
007407
004090
002921
005692
007760
001384
007298
008536
006671
007544
008277
001796
007499
007512
004840
002892
000747
004674
004979
005487
008647
003767
008387
007007
002873
008743
004256
005283
004611
002019
001220
007050
001956
006106
004737
002686
003868
006266
008495
008034
007727
006086
000789
008257
004778
005578
000803
000449
004113
008039
007517
005864
007069
001549
002349
000431
006375
006377
005104
003831
006808
003892
000271
000777
000085
000328
003296
007388
007147
000171
002820
002634
004653
007659
008151
003410
007514
003281
006418
001108
006427
006699
002152
002051
008207
004830
006842
004705
005566
001676
005887
006050
002587
002654
000684
000962
006288
008414
005252
001924
006020
000624
007710
005842
004310
004519
001890
001448
005374
001711
002559
003029
002358
006221
005403
002724
003846
004209
001599
003911
008206
006256
000658
002596
007273
005538
005645
005957
003359
005034
004155
001522
001227
007802
006934
000275
007252
004390
001207
007715
003266
000949
000851
008189
007296
002397
005241
004870
007315
008466
000725
000873
002858
005582
008366
008458
001092
005172
008686
004610
001744
006338
001690
007642
000969
005512
003800
002607
000180
003390
005925
005961
004407
004272
007756
005335
005647
006262
003279
001339
000595
006041
003623
001129
005752
001208
005563
006105
003543
001155
001157
008237
006542
001761
003537
004227
003833
003593
003888
005985
000984
003997
006099
006367
005232
005599
008110
008512
004556
001183
008652
004790
001330
002252
002616
005814
007269
004842
006180
000445
001900
001748
004042
007502
002338
007580
006232
007076
008594
007805
008693
007425
003142
000389
004416
004014
003223
008524
003292
008463
000408
005173
003501
008484
008346
007070
008487
000434
003450
005539
007602
000878
004421
003041
000144
000400
007463
006791
003618
006847
005208
003746
008468
006776
002295
007909
003408
006277
004212
004602
006414
004752
007087
001653
006305
000045
007107
006913
002677
001574
004826
006702
003966
004462
008230
003419
006291
008434
003395
002517
007933
002708
001875
005050
006172
003837
005375
004532
006384
008194
001445
003918
003927
008430
000353
002333
007579
007734
001722
002233
000734
003132
002224
004950
003853
007629
001746
000303
006547
001370
005171
007774
007248
007060
006872
007010
007283
006065
002955
004535
005153
006068
003916
007908
007075
007650
004413
000194
000819
007626
004551
004225
004296
005776
003912
006145
008124
005773
006416
001908
008377
005796
007217
004641
002474
002725
005353
007917
007563
007349
004884
002260
002710
002723
002391
007288
003761
004141
001865
003937
001589
000801
005074
004281
003413
006911
002032
005218
006688
002669
008446
007693
002664
006789
005902
005334
001916
001632
001791
000543
002684
001257
000204
002834
005845
001752
003409
008733
007406
001977
002060
002924
001252
001537
000250
000744
008419
000483
007987
008281
003035
002163
003118
005030
004748
008228
002805
002126
004855
004976
003648
006655
008690
002509
008616
006652
004314
006466
003163
002330
001961
005955
006080
006461
002547
001598
004902
008012
005849
007030
001162
004243
007412
007052
003402
003148
003520
000160
000902
005481
004007
004270
005941
003519
004082
007907
001459
001206
005513
002940
001290
001195
004038
006918
000999
003964
005977
002418
004278
002178
002029
003928
004706
002484
004992
004619
003523
001071
003441
007647
006222
002190
007843
002332
002808
000991
008205
007648
004509
005573
000486
001770
006413
007329
003434
001625
006127
001225
003443
008038
000830
008336
003697
002318
000046
005800
005253
006082
005536
007228
003063
003101
004199
004889
003379
008156
004662
001974
005697
003656
001620
005225
008309
008374
002624
005684
008268
001395
003799
000034
006301
008457
006928
007773
006825
000283
002459
004751
000841
004819
006706
001304
006820
001630
001400
000784
005592
003245
007868
000937
005135
001720
001854
001757
006948
001670
005269
000024
006978
002582
000652
005024
008490
004981
007677
003082
005506
008467
007023
003368
006188
002489
001444
003034
008721
004786
004235
004724
002798
002311
000058
008604
008025
004590
000585
007545
003956
000175
000225
005524
001524
002565
003944
008300
001557
004938
004909
007079
007211
008407
002421
001531
006089
006237
001320
001511
007597
000057
000823
004600
003448
002705
006873
007876
004237
000094
008488
005561
006320
001893
004882
007067
000531
002436
004436
001778
002661
003293
002551
003049
000657
003521
003010
007723
002737
007964
006465
007962
008719
008075
004927
002452
007584
001171
003759
008233
006059
007988
006165
005497
005792
006294
007728
002980
004936
005983
002807
007891
004847
001147
005458
005910
006797
006190
001139
004872
003209
002363
006646
003486
006964
004018
007887
000216
006672
001627
002495
003116
005798
001550
002884
002896
002963
003689
005598
004079
001958
007639
002632
007841
006425
005854
001652
006470
003216
002776
007634
005613
002427
005366
004572
005655
008187
004466
002759
001095
004139
004044
004179
001739
002755
001656
003566
000889
008304
007154
006962
006670
008611
000233
006146
001528
000003
000350
008351
008188
004208
006028
005731
008062
006471
000867
006731
005760
006386
007652
000716
002990
002480
006126
003032
001660
001041
006259
003194
003513
003692
008707
002847
008678
006814
000344
007942
002554
001253
002922
008072
004712
001520
004313
002146
005189
008644
008583
008491
007949
007814
001664
000800
005238
003843
004816
006077
005717
005627
003587
004389
008517
000293
000515
008087
007212
006724
006570
000348
005340
002353
005867
001859
008325
008170
004191
003002
008431
007625
007456
004290
006779
004759
002601
008288
000930
005664
003361
001204
005885
001343
007229
000277
005021
004749
005579
002696
000177
003400
002731
007379
002450
006108
003818
006431
003481
003850
006193
005090
004457
004202
007459
004710
005009
000391
004304
004292
007489
006942
004350
007422
006335
005907
005344
003243
006069
000650
004454
005938
006298
006836
006583
007223
007155
000859
005446
003809
001935
003042
002845
001113
000012
001313
001446
008263
001514
002319
005555
005527
005751
006306
000268
005022
005330
005840
002496
003660
001241
006049
006936
003976
008380
002987
002901
003235
007742
006569
006191
005478
000753
004367
003065
008354
008355
001835
007975
000451
002464
007945
003544
001517
002713
002826
003190
005138
007822
007500
001527
005351
008556
001867
008353
003199
002946
007571
003886
001596
002792
005317
001731
008476
003298
002784
005601
001934
007054
003417
004772
000345
005891
003380
008266
006920
000579
000530
008664
006752
004001
008278
000996
004828
004028
003836
008133
001405
008165
000324
002334
008663
002574
004564
000547
005284
005542
005014
002236
005032
007630
006399
000168
000493
006154
008392
001493
006074
005619
002347
005779
005027
008518
006063
001229
006229
003247
004289
002971
000909
002988
000331
007244
006770
006436
007430
007661
005630
006507
001215
006196
000755
003454
007117
001755
002498
002339
001236
006109
007794
005871
000078
003511
006634
003533
008329
004403
004338
007128
005818
000266
007011
006491
003563
007560
002646
003273
002154
003821
001346
006083
004644
007391
005255
001189
005148
000564
001039
005581
003112
005604
004522
002164
005739
001891
003522
001341
001925
000642
001311
004053
008345
004419
004000
001005
008571
002091
002744
003053
007519
005321
006356
005294
004939
000664
002957
008705
004933
007433
006999
005169
006619
004118
007122
007278
004838
007348
004695
002743
003651
005831
008668
007916
000126
002404
000791
005285
000552
005212
008058
004645
001196
004485
004239
006235
000433
002712
005675
005931
000014
001695
001775
000405
006941
005286
007581
001091
005140
000665
007832
008286
006603
003751
001226
002052
000933
000510
007398
005940
004911
006835
006631
001704
002993
004218
004944
002888
002842
004667
008096
004525
002055
002322
005802
000628
004041
007013
000514
005168
004580
003635
005634
004514
004528
001572
006757
003851
006963
004577
004679
007804
002036
005834
007390
008128
007119
003615
002508
003317
001072
002765
006349
006502
003789
006520
007767
002532
000457
007807
007047
003720
000874
007705
006218
005514
006192
005313
007106
001858
006713
008532
008584
000545
003745
002545
007911
001856
005593
001480
005499
001015
003457
006347
000351
004689
008256
000525
001167
008568
003373
006009
002256
003930
004661
004632
006010
005696
005429
008010
007578
003097
002584
005965
000922
007525
002974
007995
001807
007867
003113
003181
008174
007049
005600
003078
000423
006684
002931
006463
002240
003657
003426
004217
007360
004483
007014
007151
006496
003647
001926
005404
003422
002342
005251
001851
004906
002098
000455
000869
003376
002438
004384
003867
006849
007491
000961
008657
005929
002555
003210
008549
007691
007875
003051
000776
003969
007601
003832
000708
007081
006562
006915
004487
006369
002506
007205
005179
001217
003449
006908
005287
000711
002939
001174
002846
007138
007488
008669
001512
002886
002269
002145
000783
004994
008326
008397
000195
008227
003363
007393
008674
002460
007467
004886
002471
007403
000206
002876
002679
000244
001294
004959
001525
003207
006321
001728
007066
007335
001364
000806
001805
001855
008627
004730
007871
000573
003723
005187
007094
006944
007483
000321
007696
001693
006112
000953
007165
003354
008022
005031
004052
008106
004999
007313
008633
008048
000612
006003
007617
002832
007418
003225
008160
004947
000287
008411
002475
005220
007276
000805
004456
002048
004366
000448
004588
006992
001116
008538
000374
003792
007959
003698
005477
005837
000006
004818
000704
002249
006588
003608
001666
006675
003541
008101
002257
004606
000577
006871
000219
001843
000465
004544
008043
000760
007454
002119
003549
003439
007487
005377
003943
004650
001418
001615
003962
004595
000337
000700
006506
005903
003589
003717
007324
004836
004181
004049
006207
001074
006134
001622
002370
006424
003920
004062
002009
005059
006831
000954
004054
005652
006269
005023
004112
007263
006786
003617
004621
003137
001494
000663
001417
006500
007451
007538
001260
002863
008478
006011
007787
002200
007831
008435
003024
005119
003676
000853
002429
000965
003576
007561
007018
001803
000276
004260
006784
004274
008221
002540
004513
000971
008597
006725
004702
008324
000788
003640
000235
001635
001136
000614
003107
002425
001784
006498
006518
001102
001094
005643
000818
006838
005405
001686
006241
000138
007915
004091
004370
001301
000832
001130
003733
001905
008084
006707
008482
000384
007095
004874
005041
006737
003669
000125
000221
000128
004119
003431
003446
001710
004286
006311
007926
003258
006660
007464
005898
002729
005355
006990
008009
001703
004305
005223
006297
001801
008280
004136
002114
006658
001834
006054
006810
005772
007624
003285
001919
001284
006691
004989
007771
004975
001367
006285
002655
001940
002617
004713
007004
006616
001878
001633
001134
005715
006790
001665
002254
002874
001168
000334
003366
004860
000476
003530
001811
001164
008546
008193
005415
006499
003913
004447
002497
003705
004351
001492
004381
003687
003506
001661
003300
003437
000966
005912
002859
003873
004046
002658
005755
001318
005028
007535
002266
002148
002948
000634
006437
004434
000778
001534
004171
004686
006826
001399
005768
001927
006156
008045
006858
005438
006067
002165
005177
003699
006073
007480
008041
005372
001342
007623
000656
003111
008400
000231
004126
005291
003581
000447
004723
001721
001823
003908
004701
002108
008138
007967
001765
003714
007134
006492
005574
004382
003538
007567
005069
000765
001106
004377
003590
003301
002914
007268
005826
005271
005905
000970
003290
004302
004405
004530
002643
006048
006378
008118
003314
005219
008581
005807
007161
002605
004832
001126
000021
001733
006295
002042
006104
000695
001178
002348
003341
001884
004056
008523
006840
004627
004120
002481
004654
007374
000004
003981
002608
000317
001809
000352
003641
001471
003134
008413
000282
002355
005316
008226
001817
000529
005290
007189
000924
001825
003681
007100
006315
002790
004228
001645
006330
008094
004474
005016
003350
007930
004324
000053
007576
007356
006885
008507
007786
004385
002317
002741
000416
000814
006182
004444
008293
004476
001085
007196
001846
001697
003418
008279
007997
007365
001820
005562
000079
003133
001380
003638
000409
006014
006344
003924
002298
005434
004022
000775
003707
002297
001776
003984
008192
005167
006635
007320
005897
007703
003683
004333
001953
002026
006811
000557
001907
007620
005966
002389
008261
006662
005146
001326
007046
003620
000910
002374
002041
005743
005367
002561
002848
003119
006736
000242
006304
003900
004078
005851
001944
002951
001590
002787
003879
008418
003725
004907
007974
007755
006135
004153
006446
005207
000186
008135
003191
007400
002094
000881
008602
008509
006856
002804
004550
000411
005541
003201
004253
002121
006839
002943
004050
003003
001868
003036
002327
002229
006088
000377
004004
003574
006173
003502
006766
000251
001003
000699
000217
000459
001245
004693
006462
003442
000378
005419
007341
003222
007337
008254
005240
000129
000135
000238
000815
006804
002772
008631
004856
001701
003880
001273
008662
004499
007028
000185
006523
001607
000605
001792
005361
001287
006432
007303
007177
003741
001610
004968
007003
003088
006991
004461
008459
007778
008691
007032
005886
000176
006365
005608
003430
002171
006636
005718
007435
002687
007615
008127
003637
004940
005154
003495
001291
003780
006373
003639
005237
005102
000117
003951
000540
002220
006030
004656
007208
007849
000184
008580
003185
004665
006175
007041
002763
006231
000139
006300
001876
005663
008275
002192
008074
006756
005649
004459
001993
006905
006403
001726
008357
008588
004322
003929
001613
007089
003732
008402
007999
002953
001545
000356
004867
007272
007414
003848
002954
008339
004415
001488
007440
004190
007824
005532
003123
003322
008654
000446
002458
008687
003569
008158
004094
003297
007655
006951
001659
004152
006927
006070
000056
000620
000750
001306
008499
003786
008299
005392
000748
006337
007222
007621
003529
001432
006533
000286
007017
007452
007027
001088
002132
006115
006513
005391
003329
005827
001718
008474
004753
005605
006318
006782
002718
000188
000385
002680
006400
000269
000130
006558
000735
001046
001100
007944
005856
002594
007541
008310
000817
002204
001696
002085
000404
003272
006031
001461
007906
001462
007157
000279
006253
003695
000077
005046
002235
006350
003079
003453
001387
007193
003871
006045
008685
005525
005260
008659
005680
004160
004275
007065
005060
000149
007548
002431
001930
005420
006144
003774
002904
005682
007130
000182
005935
004956
004734
005810
004969
007063
003294
006452
004804
007310
005878
001904
004241
002576
005531
007528
001365
007319
002077
008073
006243
000473
000871
004829
001135
002470
005733
003286
000857
004676
001112
003558
008082
007158
007339
001268
006899
000858
003990
002752
008358
001959
006287
005393
004299
004891
004516
008689
003812
005483
005595
002512
002306
002414
007616
005037
006169
001675
007858
003289
002138
008115
007674
005612
000520
001463
007850
003782
006567
008157
003021
005433
000106
007588
004915
001426
007823
006605
005788
005431
001714
002182
005376
001832
003771
005554
007359
005571
002394
004285
002428
008234
008513
000549
004681
003186
005567
008384
005939
005289
001777
000780
007722
003083
000398
001293
007062
001035
007905
003858
006151
001089
002243
001644
003839
008471
001981
006733
006880
003634
003371
001812
001566
007383
000002
008562
000412
001050
006327
000347
003743
004988
001007
004539
007699
001671
008684
005543
007002
008637
006168
001030
002917
002659
007144
008394
002875
005572
004255
004066
007540
000022
004865
001760
003897
003145
000201
005896
002533
005703
008573
006837
007857
003910
002120
007851
002861
001603
000239
008423
005389
004598
003109
001964
005510
005052
001096
008049
006974
007508
008564
007844
003228
001583
003241
000616
000643
000592
007061
001402
000758
008007
002910
002210
003907
004622
006474
001509
007194
003696
003724
002238
005005
002578
004690
000983
006509
004880
002037
005128
006275
000358
004922
007444
002135
007861
004371
003493
000995
000284
008551
001663
001244
002209
007179
002360
007777
001249
008579
004848
006610
007352
004733
000382
001335
003805
004069
002856
005047
007506
004164
006438
004716
001103
001121
004758
000719
005950
000946
001011
007707
001132
003283
008408
008428
000349
006701
001040
001986
006512
004663
000292
006993
006883
005702
001874
001501
006541
002529
005920
004477
003827
007815
008120
005706
006805
001802
004437
008607
003385
002221
001272
006141
005479
003291
002476
006656
000887
001357
006453
008056
003424
006353
006150
000166
004518
007384
003405
005969
003020
006240
004967
006170
006832
001614
002722
007246
001804
002920
000316
000380
008438
004607
006697
001508
006754
006443
001779
007991
005314
005264
006727
007127
006013
006200
000406
001348
001198
003045
005693
001014
001530
000497
001869
007448
001397
008740
002006
005057
005387
006931
001310
007387
006772
003342
004718
000600
007923
003076
004954
002013
005413
000453
008320
003860
000816
002371
007914
003621
002292
002609
008356
000073
005683
008749
002662
005222
004638
002553
008093
004899
006694
003319
001758
004798
001203
006404
002613
008420
008083
000982
003890
000146
002053
000236
003352
005043
002894
008181
007573
007788
005632
005544
008519
006179
004709
007139
007753
004301
005873
007511
004626
003460
002783
008059
002511
004029
002575
007716
004359
008692
003264
000693
002446
001540
004614
007024
002160
006818
002351
004168
006841
000917
004099
003208
000084
005564
000487
006680
003262
003334
005825
001980
003007
006980
005077
000539
007583
008035
005398
002153
008125
000421
007890
004306
001429
005794
001769
006996
003176
004809
000099
000417
003915
002969
008561
000764
006879
001362
005900
004114
000705
006571
008373
002970
003490
003149
005981
007968
002088
005609
003550
003237
001145
007478
008003
007881
002644
008529
000641
000306
005170
003403
004070
002184
005277
000718
003103
002343
004401
003565
003948
001305
001887
002139
004178
003806
002690
007468
008497
005400
000988
006762
000674
001016
002015
000189
005094
005585
006248
003429
001909
002756
003625
001194
003598
003182
007860
006390
005142
004147
006560
002544
002456
004326
005877
003436
001141
006006
000055
001101
006358
000836
006968
001743
002862
008029
005122
006120
003261
004640
004258
007762
005459
003412
006052
006817
005778
005639
007532
003662
002867
005503
001045
001248
000973
003242
005320
004427
008273
006258
008465
002733
001297
000241
007213
007990
003459
000500
000635
003814
000278
002071
008343
006433
000518
000364
002726
003170
002341
002500
007758
000675
000905
004526
008264
001338
004328
007215
004783
003497
000957
004058
002947
005587
006859
000365
007346
007694
001658
004812
003883
008385
002692
007111
006648
006977
000584
000482
005766
001947
002279
004892
007894
000797
004548
000810
006430
003526
003415
002286
003172
005423
000935
005927
008265
000468
004394
002223
002300
007461
007289
005928
002162
006185
004852
005111
007103
007669
006456
007695
004107
004803
006595
005266
008699
005464
004916
005197
006950
000388
005228
002007
004216
003391
002673
001828
000927
004426
004411
008388
000158
003560
000679
002740
007074
007594
007270
006238
001705
002635
001897
006005
001945
000133
003090
006982
001637
006093
007408
000598
000798
001787
002258
006607
008372
003977
003601
003126
003679
007622
002610
001433
001187
004414
007404
007641
003064
003674
006303
001292
000032
001841
006673
006392
008186
004995
000795
002806
007170
006044
007068
003711
005621
007332
005432
007893
001420
002157
002069
004900
000501
000511
008417
001541
008720
005033
001814
007840
002636
005194
004671
007279
003504
001282
003764
005324
001483
008046
008739
007486
006639
001990
003877
003465
003829
006036
005811
000040
007662
001629
007980
006047
005455
003838
002110
006310
002965
005066
007342
000631
002479
007895
000796
003785
004116
005157
002503
002308
000583
005080
005978
004006
002385
003139
001047
006594
006449
005685
000609
000215
007510
005838
005987
007940
005118
004594
004849
006759
000218
002505
000428
000993
004264
002872
007936
006645
006777
004735
002683
003236
006906
006866
002321
000039
000690
001083
005274
001827
000173
007447
002442
000187
001561
007826
003586
006609
007020
007364
002812
005000
006022
005058
007199
000007
007399
006833
006834
002000
001602
008716
006956
002130
001308
008337
004495
002364
008698
003784
005508
008171
008209
004945
008236
001051
007904
007297
002774
001877
006309
007386
000975
008213
000454
002666
005883
003571
001337
006199
001057
002303
005143
007879
003852
008649
001774
006307
003844
003712
002984
005727
005765
003168
003305
008147
001070
001836
004364
007834
006683
004085
004764
004442
004649
007033
007057
001764
001221
000136
000698
003686
006529
001612
000075
001152
000067
001911
005097
003561
008215
005829
002983
003233
004343
007998
004339
000950
004101
003151
004609
000526
001648
004346
007960
003337
005847
003645
004873
006559
007575
004081
000373
004505
005244
004834
006225
001771
000534
006718
002245
005410
001322
005089
002510
006604
004470
004074
005551
003624
000394
008744
000802
000980
000941
001093
002469
006898
001552
008432
002455
003961
008113
002441
002313
007243
000245
007632
008406
007355
008095
007368
000343
001470
005548
001355
006716
008646
001309
004369
004699
004634
007603
008080
004531
002187
001912
005918
002526
001575
004360
008625
004533
007042
007198
002745
008116
001256
005337
006316
005130
003179
003986
003749
004926
005116
006937
007086
003757
004399
008112
008317
002325
001143
008632
006519
001822
006152
003188
001762
004019
003396
000900
008725
000267
005681
003834
004183
001724
000572
008154
004093
007022
007274
007309
005804
001142
006768
007045
006072
000112
000752
007900
005163
008369
006901
008134
006794
007533
004542
006555
006638
000272
006317
004471
001585
000850
004685
003193
003682
001018
002285
008454
005777
005203
000786
001929
006363
008442
003730
000673
007941
008595
001193
008734
007256
006110
003949
005628
004942
007604
005650
001544
003023
001502
006975
001767
005622
007813
004875
004604
004308
006564
000120
006600
008617
000050
005890
006961
001799
007280
007605
001042
003752
008091
002080
001398
000854
004741
003917
007708
007700
007036
004660
001819
001388
003204
000532
003031
004408
008347
003824
004844
001354
005098
002188
001144
006289
002494
007883
007431
005507
000080
008726
007793
002952
002588
003224
005705
000688
004655
002217
008605
001975
005390
007188
007035
006205
001624
007859
004625
001457
003849
007877
006593
006286
003336
003926
000546
005247
003664
005181
008231
000766
004251
002936
003214
002092
008249
003580
006410
002033
006976
007686
008190
002648
004984
004417
000553
006870
002870
003770
000255
002797
007925
006487
006012
005713
004694
007534
006581
004262
005206
003157
002707
007761
007846
003999
004012
001234
004469
004996
000745
001409
007361
001580
003257
005175
001763
004578
005469
002065
006894
000016
007029
003496
005836
001114
003423
003471
008671
008161
007044
004428
001824
002850
006053
007969
008492
004802
000017
000822
004173
003469
007224
002211
000023
007015
008464
005534
001465
001921
005275
000342
007797
002407
008136
000273
008006
005368
005425
001588
003267
002638
005123
004972
000479
007108
006973
003702
007892
002107
006765
008582
005070
000456
002151
008715
001564
005914
004754
005293
006026
002780
002773
005396
006213
001896
005488
000759
004721
003528
002732
002059
004187
006094
001496
007913
006043
000413
006620
000442
003722
007757
005949
007780
003967
003902
002935
002354
006678
001185
000794
004269
005267
003808
004584
000439
004563
002769
001275
000118
005018
003775
003815
002241
005239
005793
002089
006334
001742
002268
008514
001138
004110
000091
004618
000228
001289
005858
006495
000097
006622
004877
001616
001650
007848
006643
004827
001968
006046
004756
002541
000555
000713
000220
005732
007912
004420
004576
001673
000590
005026
003685
001906
000213
007301
004820
007247
005084
004465
008554
006271
001482
002520
008175
006015
001626
003863
002196
005552
005323
006308
001848
005160
007429
008371
000821
000528
005075
000068
002890
002600
002651
007334
007724
005471
001484
002271
001536
007819
005986
002754
008530
007687
001533
007775
006785
000533
004824
006624
005100
004983
001209
001240
008143
001992
005973
005519
006741
003719
004837
006111
004775
004987
007921
000856
006434
000041
002340
000611
004559
007262
007698
002283
007232
000550
001288
008543
005137
003887
000435
006211
000154
007088
001009
006914
004172
007524
001563
002027
001327
007660
007204
001837
006276
004231
002150
007785
006521
001001
004785
007281
004729
007167
008360
002116
005754
002816
001985
006692
006816
005303
001910
002528
007226
006136
005820
003870
006405
000122
003968
000732
008126
007445
001017
004517
001186
002284
008053
005386
000670
002681
000622
001957
005305
003447
008700
002044
006714
006935
003121
006284
001058
004738
007345
003667
004279
005126
000771
005783
004106
001694
001750
001735
007628
008216
003206
003820
001914
005061
008651
002232
007845
008071
001068
005651
001737
004161
006023
006261
004583
001641
008448
001597
006021
006884
002542
005735
006480
005190
002373
004268
003311
003942
000519
005149
004325
007321
004549
007970
002840
006155
002694
002074
000720
000898
000936
003507
004974
000307
004726
002128
005439
005249
006630
002879
007692
007285
000686
005501
003684
005640
001636
005761
005738
000751
005580
003393
006319
004098
007234
002025
007551
005942
003611
004446
008742
005443
008322
001898
007863
000862
006587
006682
005108
008014
004236
003274
003491
003458
004021
004132
006721
002633
006799
005749
000689
008550
000471
004352
008066
002706
000481
004229
006740
004123
002375
001592
006215
003983
000640
002014
003452
000921
003596
007866
002430
005666
003464
004682
008099
000498
007284
005691
004170
000443
004673
002758
006830
000580
001649
006679
000165
007592
008660
005308
004725
000977
006565
007099
004320
000912
003000
000989
001555
008098
002115
002676
006360
008706
006460
001393
008547
006970
003980
005306
005904
006501
001181
005726
003644
004484
001334
006539
003205
000407
002882
008724
004664
002101
003387
004067
000491
005352
006263
005103
007713
001233
006394
008526
007495
007550
004961
001991
001449
008410
004380
003384
004213
001034
005720
004151
007118
001587
000340
001879
002786
004491
002417
003367
006282
006531
001277
004810
003982
001098
007207
002902
000740
004318
005327
001281
002614
002066
002201
000424
001712
002078
001960
007048
002134
007318
001922
006729
004149
008040
000593
001192
003277
005003
001369
008609
002844
008208
001295
002386
004863
006114
007258
003136
006802
000291
000785
002244
001593
006357
001148
004637
003461
002977
006722
001060
001939
002218
007235
008747
004386
001886
006989
004647
007618
001860
001864
004825
003802
001971
000028
003546
004165
006130
004163
006075
006538
002064
006469
003932
005671
001352
002800
007614
008395
006037
003737
003155
005698
008741
006715
001421
005201
005489
003955
001205
004354
001401
005967
005819
005863
003255
006473
003425
003905
002262
008262
000005
000363
005136
002979
000044
004177
000179
006546
001128
001753
003014
006938
008350
007748
005038
006272
004071
006017
005012
005850
004985
005545
000911
005457
008576
007649
001554
005385
005371
006401
001833
004230
003875
006667
001839
006578
000772
004115
006033
008620
001376
003904
005270
006596
008031
005946
001052
005493
004108
003187
004432
007458
008184
005830
004523
000804
002595
006916
000290
003057
000502
008182
003727
005908
002583
007657
002357
007522
000151
006096
006119
006902
002950
000209
005570
002176
008271
006959
008398
000742
004571
007676
006260
007084
003050
005817
000159
002024
003017
003030
000033
001486
002377
001594
007490
007470
004321
001595
003268
000607
007931
001591
002539
001110
006748
003881
000314
006753
001680
004233
001020
003060
003463
002457
002883
003307
008656
004412
000768
008472
001740
004358
007741
007176
006746
002622
006949
004680
006060
001903
001535
008415
002082
006345
001570
001662
007156
001556
003138
005790
005516
008152
005861
008267
003306
008469
007055
003061
005594
007474
006178
005418
004498
003251
003033
008542
008335
003456
002538
000327
001078
005991
001467
008502
001899
007206
001538
003073
002531
005558
006292
007745
006900
003691
006457
006227
001424
001984
000020
004146
002276
008634
007181
000974
004200
001734
006988
001407
006903
008508
000333
003499
000280
004853
003865
001949
005576
000461
008086
001159
003004
004787
001677
007105
003327
004089
000648
003921
007362
004760
006250
003077
001521
002167
002449
002982
006278
006550
007527
004766
005500
005134
002660
002435
007784
004903
007358
003467
003071
002227
005676
005081
002280
005364
000104
006632
004254
006040
001655
000008
004596
003801
002515
002504
003259
001951
006372
007835
001523
002272
003953
008731
001719
007366
003047
008081
000042
007929
006486
008728
002329
000807
004335
006448
001214
002767
007209
000027
008169
003612
005945
000844
007714
007073
001469
005049
000773
006649
006510
006681
005068
001394
002253
006176
004497
001077
008462
007413
008670
004131
003372
005791
004800
006025
006056
006796
005010
001314
007469
007765
005085
001943
007300
000619
007790
008412
006458
006522
005472
000792
001188
005742
007521
003227
005465
004876
005233
005526
008060
007631
008021
006018
004779
002906
006504
000582
007237
000707
001165
000090
003420
006007
004771
006359
003931
004140
008391
005453
007683
004011
006008
000295
000509
006482
001243
007759
004219
003019
003310
003693
005467
003642
002180
003963
001808
007704
005875
006439
000588
005688
002169
004742
003161
004316
004806
004925
000379
005124
003482
003872
007308
000243
005805
006665
001793
004402
000043
002112
000270
001059
000031
006128
002518
008404
003653
003893
007191
005036
004121
000723
005656
003579
002102
002802
005072
002440
003823
001894
001845
005452
002753
002315
000687
002282
006704
008405
008191
001063
001976
002402
004080
002682
005078
006549
002387
000308
003736
002864
005812
003115
001179
007098
008585
001634
007943
008613
005620
005701
002378
001979
005660
001727
007135
000942
002581
002642
001377
007436
006181
008044
003731
008673
000332
002855
005388
007752
008558
003694
006664
005753
007749
004323
005603
003527
000908
007000
001022
000925
005333
001111
004728
005231
001464
005736
007809
003845
004700
008065
008026
007599
007882
001510
007267
001962
008510
003008
008247
007896
005999
002310
005421
002384
004731
000262
001503
005383
007555
005584
003515
004501
008738
008168
000036
005785
001472
006806
003312
008173
003404
002911
002942
000727
006939
007789
002381
006774
006764
005509
007607
007536
007112
003200
006511
006142
008172
000820
003093
003773
001573
001012
008628
007966
004675
006085
001513
004720
001254
001232
003013
003740
007772
008396
007611
004696
005511
007160
006987
000298
005917
003595
004117
005529
004387
003250
004222
008197
004464
005795
001460
004633
008239
004575
005974
004648
001325
000450
003217
004593
000320
003726
003744
001006
008416
006161
008196
001150
000029
004707
003043
005486
005155
006730
004397
000190
000051
000469
007993
005922
007121
004109
001606
000010
001766
000576
008368
002296
004878
007137
007812
003105
008259
000121
004791
000318
007037
005161
006888
004291
005853
001412
006761
000834
005492
001562
002552
002573
002570
003769
002625
005944
001172
000872
006598
006895
004207
000254
007367
008439
002294
001315
002472
006246
001918
004776
007593
001008
002172
003847
003085
007145
006735
004887
005454
003708
000414
004365
001154
001242
002274
002747
007852
003811
001246
001222
004481
006027
006592
004755
000009
004587
007730
005301
001146
004579
006034
003940
002519
006821
005535
003212
004418
006719
000359
004901
003340
005133
001709
002251
002656
006102
001936
001700
002203
003599
007717
000733
002490
003750
002827
006131
005767
004879
001151
006001
005411
008223
000038
006653
003323
004948
000868
000866
004805
007210
002405
006224
002492
000001
004409
008401
004195
000651
001153
012766
011648
010463
009575
010279
012842
012246
009048
011664
009286
012859
010548
012526
011040
010274
011511
009159
011365
009124
012083
011196
011058
010841
012718
010575
010882
012434
010455
011271
009360
012849
011207
009253
011617
009375
009074
011100
011979
009629
011776
010247
008899
011832
010978
012764
011679
011613
012330
009677
012189
009600
008773
009216
011019
008783
010343
011910
011901
012136
011543
011572
012522
009644
009687
010107
011808
010669
010932
012214
012804
012404
009039
012063
012715
012659
008777
011444
010802
008944
012379
009489
009994
010782
011709
010674
009533
010038
010360
012143
010186
009960
009731
010284
010622
012151
009486
009903
010744
009784
010956
010758
009767
009587
009741
012596
011667
011056
009000
011931
012831
009448
011650
009090
012470
012078
010658
011801
009832
011190
010217
009339
011088
012186
011492
009479
009709
010975
012346
008822
012479
010615
010114
011623
010716
009007
009519
012477
011127
010426
010218
011619
011573
011238
012119
011016
011321
009469
009814
012108
008907
009199
008897
010042
012586
011530
010777
010874
010869
011202
011380
010382
009102
011317
011872
012408
009317
010519
012424
010414
011672
011449
009524
012707
009868
009806
011752
011295
010870
009439
012224
011018
010722
010410
010049
009150
010951
009986
012643
008865
009095
010875
009756
010985
009627
009047
012054
012521
011496
010402
010682
010883
011923
009797
012532
010792
010438
009803
011059
011502
009284
010181
010668
012281
011809
009466
011681
010271
010256
009658
010607
009376
012236
010051
009755
009973
011339
008955
012834
012287
009164
008774
011907
009699
011293
011604
012285
011007
008839
012743
009723
012502
010105
012076
010389
010266
011745
009997
012589
010924
010559
012183
010549
010075
010753
011000
008956
008905
009398
012628
012262
010643
011563
011976
012600
010118
008982
009535
010958
008778
008985
010647
011576
010465
010709
012657
010672
011381
012476
011944
009416
011426
010121
011067
011744
010523
009067
012303
009029
012320
009287
009725
012043
011162
011488
010635
010564
008938
008837
009526
009415
010222
011330
009387
009461
009281
010153
011855
010257
008788
009311
011374
010366
010141
010952
009332
011223
011833
010492
010997
010713
011116
010175
010740
009192
012493
012865
012801
009096
012692
010611
010335
011144
011699
009183
010779
010421
010178
012290
012146
012372
010080
012674
011186
012363
010214
012878
010104
012456
012086
009901
009283
008990
009449
009148
012269
009125
011225
010099
010894
009478
009210
009877
009251
012818
012048
010172
010856
009805
009918
011765
010456
010960
010144
011126
012040
011311
010988
012550
012807
010406
011662
009212
009462
011611
012782
012435
009586
009336
009861
009080
010146
010236
009236
009852
011467
012787
011134
009871
009151
012113
012416
009849
009506
012813
011517
011968
009152
011703
010705
011540
012492
010234
011565
009625
010812
012549
008843
010576
008912
009562
009648
008895
009233
010459
011348
009033
012768
011128
011743
011581
009420
008911
010132
010348
011915
010731
010074
012185
009926
011404
011111
011197
009919
009681
011391
010139
012437
011594
009137
012079
009059
011352
009113
009241
011987
012199
012165
010808
010512
012601
011438
010060
009638
011980
011130
011863
011602
011351
009835
009766
009369
011475
010989
009552
011350
010409
009129
008967
012760
009746
010430
011771
012131
012352
009261
010733
012667
009521
009451
012227
011891
011308
010183
010624
009188
010542
009128
011456
009252
012656
010359
009915
010574
011167
012523
010979
010880
011346
009540
009464
012147
010204
012554
009341
009132
010326
011946
011694
012799
009624
009114
011490
011302
011905
010470
011870
010922
011229
012736
011021
010166
008968
012457
008957
009138
011762
011024
011440
009990
011013
009379
009706
010832
011758
011396
012855
012879
009727
012389
009735
011615
010636
010990
009331
009750
010719
011533
008880
011029
010006
012277
011427
010581
008830
011865
009487
008800
009175
012612
010277
010167
011411
010304
010723
009437
010589
011420
012260
009945
010945
008769
012629
011939
009108
009493
011500
011514
011548
010173
011035
012460
012810
011817
012503
012784
011799
012280
010551
010778
012496
009135
012670
012171
011168
010212
012391
011566
012109
009377
012017
011926
011298
012777
009248
009811
008935
010297
011871
010464
010150
009754
010653
008974
011320
012297
009030
012354
011717
010829
009705
012088
012438
010800
010917
012618
011274
011685
011978
011442
008817
010469
010301
010901
009018
010364
009916
009453
008946
009999
010435
012869
012780
012234
011160
010590
012709
009938
009008
011890
011788
009036
010996
011299
010044
011493
010428
009040
009203
009438
009555
011878
011193
010770
010286
010072
011054
011622
010340
009693
008948
012173
012677
009728
009979
012398
012568
010388
009834
011338
009399
012512
011203
011750
010026
012699
010276
011408
011948
012094
008768
009025
010903
010655
010578
011879
010100
009668
008764
012341
009558
010876
010944
011975
009348
012557
008941
009909
009390
009896
011561
010350
011555
011498
011886
012695
009808
011822
011041
009077
011387
009071
008929
010025
009864
012847
010610
011676
010315
011441
011114
009577
011327
009032
009972
011508
009116
012771
008994
012835
011825
009482
011361
012469
009858
010755
009581
008821
010221
010662
011827
010518
009221
012542
012254
009068
010707
010853
010648
012821
011959
010710
011026
009778
009062
010916
010159
012098
011413
010855
009697
012402
009714
011823
009011
008819
008824
010745
008960
009796
009093
010063
012222
011706
010454
011439
009363
009435
010255
009758
008977
009013
009143
011914
009954
011701
011700
009640
010404
012395
009165
010513
008874
010133
012578
008787
010704
008924
010809
011609
011057
012591
010907
012205
012851
009510
012068
011220
009476
012377
009554
012275
010817
012258
011780
012579
011250
009044
011753
010441
012237
011859
012310
012106
010112
010399
009335
010861
011742
009312
011038
012110
009454
009082
011453
012805
011720
011919
009911
012701
012680
009795
012321
012429
009242
010818
009408
012440
011738
010881
010791
009296
010496
009639
009637
011792
010126
010001
009908
012841
012172
012759
012876
009041
011895
010379
011394
009442
011945
011666
011357
012669
012693
011721
011726
012741
011722
012033
009635
010816
012839
012375
011754
010947
009015
011860
011359
010009
012152
010561
011080
012175
012023
010037
009034
010281
010413
009362
010140
011421
011748
010170
011826
011774
009987
011451
010788
012010
011877
008835
012673
009715
010612
009131
010981
009798
010506
010797
008921
011912
009780
009505
012019
011675
009053
011113
009680
012250
012082
010196
011378
012792
009824
010834
011049
012647
009247
010552
011704
009294
012703
011544
010737
010926
010742
011233
008888
009833
008926
009560
011068
010515
010022
012207
012357
011592
009364
011146
011964
011341
009720
012829
012318
012698
009156
010210
010328
008797
011189
009682
011362
009101
010751
010358
012103
011156
012758
009262
010569
009703
009933
010689
011953
011763
010925
010267
009931
012239
008818
010476
010696
012267
012192
010349
011103
011713
008851
012553
009707
010110
009470
010041
008752
011445
009509
010757
011536
009985
010754
011777
009447
012197
011257
009395
012035
009606
009058
009739
010601
009906
012487
010129
009724
008898
010814
012014
010998
010310
012257
009257
009753
011163
009807
009992
009652
009520
009541
011545
009943
009965
011947
010117
012513
011004
010961
011598
011668
012322
011551
009004
009817
009343
012520
011023
009499
010479
009484
008866
009761
011768
010145
011336
011781
012594
012655
009163
011281
010028
008958
009193
011053
009551
008989
009860
010844
010073
012263
010316
009354
009091
008890
012635
012308
010036
010157
012162
012288
012697
012150
008927
011073
009810
009243
010586
012630
009887
011697
009474
009304
012140
009431
009663
010634
010887
012653
012712
011353
009646
009988
010235
012729
011002
010762
010532
010082
010815
010195
012366
010031
012529
009309
011571
011612
012802
009278
011414
009279
009578
011949
011487
008947
010605
009407
010439
010692
012060
011333
009700
012139
008841
012621
012617
009881
011649
012418
010632
011418
011480
008873
008844
012740
011772
009371
009174
009422
010688
010666
010889
011880
011641
012338
010103
008796
011739
009854
012786
011312
009324
012309
008913
012827
012084
010229
010843
010848
010804
009947
011434
011406
011342
012722
012725
012272
011328
010539
011064
009948
012705
010206
010165
009633
009397
012293
012682
009596
009443
011719
009689
009800
011287
009388
010272
009055
012603
012120
010921
012179
010657
010766
008803
009737
009400
012256
012009
009419
008772
010786
011911
008820
009671
012168
009692
009702
010085
009327
011079
009865
010886
011568
012788
008969
012555
009073
012721
011811
009897
012007
008917
010526
012255
009929
009329
011642
011854
009328
008954
009760
010027
011899
008857
009882
011377
010400
011324
011636
009314
009523
009966
011629
010468
011995
009838
009265
011806
010640
010226
008834
011455
010122
012744
011184
011354
009722
009547
008855
011066
008799
011226
011564
012461
008878
010254
009515
010878
009991
009472
009359
011813
010525
012220
012590
011363
012645
012451
009006
012413
012746
011749
011881
012176
010895
011998
008863
009157
012650
012708
008951
012077
009611
008933
011289
011812
010863
010677
010088
012118
012201
010600
008763
011574
010138
011989
010394
010625
009594
010537
010433
011695
011916
012846
010726
011309
012877
011626
011192
011993
012299
012167
011599
009057
011042
012160
010278
011213
009254
009657
009465
009446
012723
009862
011810
011735
010701
012620
012216
010380
011139
012240
012099
010606
011319
009907
008939
009429
010450
012337
012665
012658
010408
012584
012107
010299
009206
012089
012774
009380
010083
010017
009532
010242
012750
009884
009162
011397
011307
012475
011120
010646
009382
010560
010291
010541
009511
011941
009268
011552
009347
011683
011131
010787
008893
010263
010946
009092
009368
012212
009548
011834
010825
011474
011520
010914
012319
010959
009876
008970
009201
011647
011638
011249
009654
012374
010694
009975
009310
009651
009957
010767
009123
011690
009414
009144
010131
009939
010631
009769
012138
008945
009895
011658
008925
012156
011389
010665
009580
011578
012053
011084
012047
011874
011412
010095
012056
011090
009367
009813
010287
009300
010994
011403
011943
012733
011458
009791
012164
011718
010706
010128
009514
011177
012087
012423
011315
012046
012582
009597
010136
011966
012367
012516
012453
009197
011957
011761
012678
011390
009962
011030
010045
010294
011300
011182
009423
009857
009434
009274
009063
011198
010047
008809
012737
011431
012613
010700
009564
010656
011117
010609
011942
012301
010942
011481
012062
011888
010481
012101
011356
010627
011063
010321
010820
012427
009127
011515
011050
009777
009299
009982
012597
010461
009910
011237
009630
012304
010084
009927
012686
010585
008802
010243
010046
011773
012380
009801
012124
011974
012531
009507
010517
009112
009010
012020
011318
011733
010087
012462
008814
012340
012073
011828
012587
012091
009126
011961
011549
011628
009323
012342
012609
011122
012305
009770
012241
009293
009181
011239
012335
009582
010372
010933
012317
010565
011796
012853
011715
011385
011366
010718
012135
010972
010268
012749
010730
011364
009070
012405
008858
012599
010911
011759
009295
012793
009853
011301
012312
011179
011048
011187
010728
011814
010381
010342
009292
012093
012075
012128
009980
012558
010258
010584
009783
011850
010695
011608
009391
012858
009736
011787
011909
010415
012351
012497
008762
010412
011423
012540
011927
011297
011784
009917
009963
010687
011001
011614
009665
012057
012074
009224
010261
010233
010495
009075
010002
010616
008889
011143
012702
009038
010148
012567
008825
009024
012661
011495
008779
009169
009544
012365
009190
012412
009087
010893
011829
011588
009021
009037
012455
009550
009822
011157
009679
012614
009445
011710
010686
008784
010617
010059
010993
009905
010591
011332
011996
012763
008827
010451
012376
010935
010135
009171
009557
010813
009089
011104
010352
012415
010859
009290
011655
010156
009315
010442
010158
010811
010499
012866
012638
012134
008812
009694
009941
011031
010538
011696
009610
012268
010199
009977
009940
011153
009270
010189
011148
009823
012689
012104
012302
011199
009014
008751
012203
011569
010219
012652
008771
008996
009155
012370
012459
012114
010068
010675
010949
011499
011218
009659
008775
011219
010065
011407
011071
010318
009352
012735
011922
012116
009656
012388
012311
010295
009349
010608
012123
009256
012572
009821
012845
009244
010544
010516
008976
012202
009403
010563
012387
010180
011657
011070
011136
009518
010097
009718
010930
010323
012700
009246
011045
011340
009583
012626
011898
011159
008920
012166
009205
011228
011112
011686
008908
009828
011824
010200
009298
010796
009712
012115
008845
010224
011659
009734
009696
008896
011867
011521
011322
012407
009263
011091
010127
009386
012525
010735
010774
012868
011081
011344
012795
011731
011729
009531
009748
008808
010626
011303
010246
009956
012006
012259
011523
009410
012848
009301
012383
009669
010070
010203
011164
012029
009879
012592
010637
011286
011446
012278
010824
012008
010052
012812
010403
009653
008892
011589
009874
012485
011280
009313
011531
010040
010490
010013
010721
009886
009716
010530
011106
011242
011208
012875
008909
010913
010362
010346
010908
012264
011567
010763
012223
012537
008781
011306
012833
009231
012649
011115
011632
011633
011076
010425
010660
012323
012265
010162
011433
010756
010724
012570
009160
008759
011399
008850
009365
010912
012769
011294
009337
012791
010187
010915
012292
011210
011037
010974
008870
010076
009698
010928
011465
011142
008886
012233
012232
008916
009200
012494
010029
010061
009989
010902
012458
009105
011712
012191
008972
009503
011417
009914
010260
011279
012664
010509
011476
010759
012480
009666
011924
010866
010639
010417
010847
010685
011085
012414
008877
010720
012127
010429
011797
011211
012738
009191
011616
010680
012872
010018
010034
009950
009949
012235
009563
010109
011033
010764
010024
008767
009444
012316
011716
011698
010019
009457
012873
009546
010345
008861
010508
009106
009543
011527
012642
010056
009804
012560
009176
011393
011929
010289
010395
011195
012610
010373
011791
012170
010748
012209
009471
012130
009883
011868
010300
010005
009450
009788
009686
012623
010976
010188
011261
012565
012482
009959
011098
011853
009688
010015
012632
011635
010507
011963
012359
010488
008932
011172
010673
009345
008981
009342
009932
009880
012499
012442
009815
011472
011266
009277
008934
010391
008754
011841
009902
010390
009818
011075
008998
011422
010010
009944
009226
011462
012748
012013
008987
011725
010860
009928
012668
011145
010790
008937
009650
010750
009266
010550
012286
010950
009968
011538
010736
009634
009502
012450
010185
009258
008756
008952
010449
010854
011990
010810
011055
010941
010244
010798
010613
011258
012474
012631
011981
010965
009198
010102
010969
012683
009145
011388
012102
012598
009240
010504
012561
010725
011428
009763
012446
009480
012211
010583
009820
010283
012194
010453
012452
011482
011216
010282
010954
012154
012121
012751
010324
009812
009117
010393
011766
011669
010130
011610
012325
008813
009383
012149
009139
012563
012720
010715
009923
011214
010991
010182
012616
012071
011680
009802
010909
009673
008847
009609
010405
009411
010424
012219
010593
010193
012392
008922
012153
012159
010521
009170
012761
009477
012141
011653
012025
011691
011269
010457
011652
010377
009831
010623
010033
011325
010839
012651
009549
010467
009570
012817
010154
009632
009924
010923
011314
010422
009494
011343
008791
012177
009742
012863
010984
009140
011711
010937
009585
012468
010329
009819
012253
012581
011416
012832
012069
009458
012519
008807
010003
010890
011367
009264
011150
011534
012639
010004
009302
012524
009974
009338
010231
008986
010505
010386
012719
009259
011884
010805
012050
010939
011452
009969
009559
011028
012806
008918
012862
010727
011010
009613
008805
009794
012157
009704
012604
012041
012344
011121
010697
009995
009319
010418
010030
009752
009958
011654
010292
012353
009946
009527
009456
009483
009571
012819
009516
010327
008776
009576
012049
010249
012428
010225
009645
011372
011141
009747
011988
011454
009589
011965
009721
009441
011241
011349
011908
009019
012527
012608
009842
009081
010587
008832
012562
009217
012541
012096
009662
011539
012368
009732
009475
009647
012421
011887
010558
011526
010514
011714
009229
012044
011083
011183
010684
010768
009421
012732
009208
010079
010069
012585
009976
009326
012349
012362
011972
011836
008849
009873
008826
010184
010784
011741
009844
010164
010714
012679
010776
010641
010781
008940
009069
012870
012595
011094
012528
011831
012484
011123
011275
011464
011857
012158
008915
012781
011661
010160
010708
008815
011270
010577
009184
012798
009934
011994
011217
012710
009098
012133
009417
011820
009459
009232
012329
011347
012092
011524
008823
010644
010943
010303
012530
011985
011848
012514
009196
010055
011560
012840
012018
011355
009166
010460
011756
011861
011596
012012
009618
011253
009567
011954
011140
010357
011109
012274
011547
011897
012095
009642
011541
010096
010971
009272
010396
010053
009617
012770
010493
010094
009085
011060
008790
009782
010652
011398
011875
009643
010387
009786
012015
009530
010535
009601
012382
008943
012386
012004
011933
008876
010332
008761
010339
011373
010168
010489
011869
011970
011591
011505
009121
012409
011862
009104
009937
011723
008862
011600
011918
012730
011230
010645
009870
010579
011092
010747
012856
008942
011670
011906
011375
010092
009904
009223
012426
011247
011815
010137
012716
011204
010760
008936
011640
009891
012505
009402
012425
009781
009249
009743
010920
012790
011621
010749
010108
011025
009118
009147
012580
010012
010987
011692
010785
011585
012142
009372
009142
011497
009568
009305
010851
011732
012611
009103
011845
010628
008801
010761
010486
010228
008988
011950
011288
012112
012144
012830
008786
012843
011971
010536
009291
012145
010892
012011
011009
009616
009790
009809
011583
009026
011839
011151
010775
011263
012238
011137
012731
011856
012654
012785
009228
011557
009330
011903
012000
011844
009512
010176
010703
012420
012403
009708
009733
011984
010503
008871
009789
011173
010227
012294
011671
010471
011036
010732
012266
010962
008833
009111
011409
011876
012574
012307
009234
012826
010642
009793
011105
011767
012559
010679
009267
008760
009219
012717
008853
010207
012576
011331
011133
011507
009056
012055
009001
009855
012820
011973
009467
011962
011011
012433
012358
012501
010553
010867
008794
010629
011200
010931
009432
010216
012001
010149
009346
010355
011129
012343
010245
010678
012064
008854
012371
012724
010522
012066
012448
010603
011326
010333
011512
010043
011885
009574
008971
011329
009180
009851
010752
009744
012779
012182
011730
008757
011181
011051
011402
009619
010531
010431
008900
009455
010192
008931
009921
008842
011584
012252
011818
010936
009237
012681
011656
010125
011489
009774
011804
009542
012808
010091
009043
012030
009848
010179
010147
011400
012767
008949
012548
010734
008852
009017
011227
011778
009255
010487
012776
011559
008816
011977
009850
008891
012436
012506
009045
008770
010927
012298
010432
009695
012122
011290
010336
012155
010197
012390
012051
009729
008993
009078
011020
010566
011783
009177
011194
012491
009230
009384
012187
009981
012027
011956
009500
012028
010420
011851
010048
010398
010093
012864
010884
010298
010174
011278
009491
011631
009285
011951
008798
010840
009412
010331
012190
011682
009361
011461
009167
010864
010899
009664
009182
008828
011283
012350
010347
012685
012276
010865
010835
010664
011688
011789
012622
009381
011376
009996
012607
010480
010485
012432
008755
011707
009590
010032
009356
012518
010773
011062
010638
011201
011938
012815
012816
010904
009775
012284
011384
012090
012439
011800
008885
009119
009894
009005
010877
010570
012401
009460
012660
011840
010436
012174
010769
009726
009711
012676
011737
009066
009591
010568
012508
008831
011992
009787
012775
009670
012125
011708
011468
009495
011504
011395
008995
011510
009579
011952
011443
010711
009889
010211
011889
009393
012543
010793
010119
012551
011419
010434
009100
011830
012072
011256
009276
011485
010473
009636
009392
012684
012838
012739
010116
012333
012188
008923
012854
011896
011913
012206
011864
009433
009318
012441
008906
012169
010240
011022
012734
012331
010602
012431
011255
012336
010534
011491
010124
011169
012662
010919
011925
011260
011634
011528
012672
011849
011118
009628
012279
010484
011405
008984
012332
010540
012339
011607
010241
010828
010252
011794
010555
011235
011313
011542
012483
010155
010929
009762
010780
009401
009227
011171
009172
009179
011015
011960
012378
012132
012640
012181
011532
010280
011180
010633
012690
008859
012471
011873
011285
010529
011522
011932
009528
010842
009856
010663
009394
012535
011170
009028
009785
012500
012517
011178
012226
011125
012602
011651
009463
011618
011893
010562
011410
012373
011268
011986
011065
009492
012583
011570
009759
009839
010475
009517
012244
011277
008999
011955
009867
011119
010330
009672
008902
010801
010163
012385
011276
010533
012204
012443
008884
010794
011892
012644
011296
009621
010964
010078
011234
011358
009538
009334
010251
010290
008979
010651
011624
011429
009890
009303
012778
011095
011304
010370
010599
010237
011072
009220
012489
011212
009866
009846
011997
011734
011450
012824
010385
008795
011232
010659
010983
012727
012042
011643
009215
011039
010213
010849
010205
010967
010649
010443
012772
011928
010580
012161
011101
011158
012515
011436
011052
012225
009837
012636
011678
011838
012243
011124
009146
009691
012545
011003
010676
011513
011646
008789
012534
010058
009366
010873
009185
010474
010698
010527
011506
010654
011684
011284
012605
010071
008961
012218
010238
012245
011805
011747
009316
011149
010968
012137
011807
010690
012564
012180
009998
009825
009136
010440
012026
012694
010367
009537
009404
009925
009649
011360
012251
009088
008810
012619
011291
011371
012714
012032
009120
012081
008992
009189
009389
008804
010739
010265
009569
009655
011494
011087
009355
010344
010588
012466
011460
011821
009498
012184
012315
012217
011027
011370
010208
011764
012399
010081
009340
010619
012045
009083
012061
011554
011152
011597
009065
010374
011816
010201
010113
009513
009885
009046
012306
010089
012711
009370
009588
010783
008966
009218
012396
009358
012789
011335
011746
010970
012097
010411
012704
011936
011625
011486
012511
011537
011292
012324
011866
012836
009768
009353
011790
009350
012100
010850
010134
011135
009333
011702
010000
010497
010823
012822
010067
010143
012490
009269
011185
012021
012464
009273
011240
009701
011645
009967
009134
012671
012381
010171
011983
009426
012687
012675
009620
008928
009250
012633
010320
010011
010305
010500
011760
010582
009042
010169
012291
008914
010938
009490
012756
009280
010338
011369
012394
012478
010101
010007
010977
011473
010827
009936
010595
010293
008930
012242
010862
011457
011138
012713
008879
010356
009869
012221
012507
008910
009497
012445
011900
010838
009713
010363
009816
010209
012762
010598
009003
009829
010384
011894
011077
012747
010868
012417
010986
010712
009841
012024
009607
009667
011166
010447
010248
010547
009740
012410
012495
012688
008869
011273
012129
010354
009900
012215
009054
009764
011969
010444
009473
012745
010191
009109
009195
009529
009843
012016
009351
009683
011334
009260
009622
009488
010317
010980
011587
012195
009912
012105
009605
010106
010407
010223
008867
012577
012230
009920
012797
009779
011556
012196
012773
012430
011991
009984
009373
010620
008782
010702
011802
010821
012666
011017
009892
011630
010743
010369
009409
010891
010729
010871
012539
010872
011999
011770
008838
010596
010520
009306
010826
010115
011265
012860
011902
009556
009826
009565
009534
011689
011582
009684
011469
010502
012728
009776
009951
012867
011435
009406
011259
009239
010572
011586
009452
009745
010098
008959
012067
009322
011755
009468
012742
010288
010008
008919
012706
010220
009130
008766
008975
009178
012208
012248
008864
011982
012510
011779
011674
009595
010312
010852
012823
012573
009168
012228
011224
012566
011728
012783
010023
012126
012646
012022
011579
011644
008964
009913
011673
009899
011032
011262
011740
008881
008997
011601
009496
008962
010161
010693
010016
012575
012871
012369
009553
009418
009016
009440
010368
009690
010858
011843
011577
010365
011627
009738
009863
011580
010879
009710
012449
009072
011575
009094
011099
010543
011176
012765
011471
009836
010319
011727
012536
010604
011005
011558
012828
012328
011248
009942
010621
012556
011803
009027
009213
010510
010789
012038
011921
012593
010307
012546
012880
010594
009238
009161
009955
011093
010269
009978
012360
012400
009952
010452
010313
012300
010392
010683
010466
009888
009031
009603
009430
011254
011132
012850
011819
009061
011958
010661
012794
008872
009608
010311
012313
012488
009730
011368
009307
010035
009275
011154
008758
012002
012552
010995
010264
009050
010885
011793
012085
011008
012361
009378
011882
009035
009428
008901
009436
010325
011837
012039
010982
012198
008848
008875
010822
011553
010717
010806
011345
012065
008894
009194
010592
011102
009893
011267
011097
009427
011222
008811
010142
011044
009425
012117
009405
009413
009012
011061
010765
011323
011798
009020
009749
010308
010795
010819
011846
009792
010738
010691
008856
011518
012326
009573
010215
012200
009049
012754
010416
012364
010020
010419
010423
010077
010275
008904
011930
012463
012486
011209
010270
009211
011466
010239
011244
010681
012857
011147
009859
010177
011043
009385
009064
011519
010966
010857
011096
011174
010309
009830
010772
009282
009002
010152
010746
011484
009052
011736
010361
011245
012348
010670
011110
010375
012803
010064
010401
009584
012247
009845
009685
008806
010482
009084
009320
012588
012663
009481
010528
011175
009757
011006
010250
012193
009225
011382
009086
009245
012641
011595
011546
010458
011920
011940
011107
009202
012753
010273
009660
009847
012249
009971
009875
012345
009424
011161
009626
009115
009572
010999
012606
008846
009141
009961
011082
009110
009598
011937
010546
011108
011252
009297
010498
009983
011305
012874
010086
012036
009751
011665
009678
009615
010524
010845
009009
009308
011069
011264
010831
010494
008903
010803
010151
011620
012504
009536
011529
010771
012533
011785
009097
012473
009970
011383
010446
010378
008882
012037
010353
011415
010491
009872
011236
010557
010021
010376
011562
009765
010483
009133
009153
011215
009631
010462
008980
011463
011459
011424
011046
010910
012547
009661
011386
009186
010322
011034
009614
009374
009099
011221
010896
011448
009993
010371
012210
010957
009612
008840
010427
011014
012356
011935
010337
012005
011660
010554
012283
012314
010341
009288
009964
010614
009154
010671
011705
012289
011447
011047
009076
010501
012271
012273
012472
009485
010445
012544
011089
011590
010900
012355
010259
009173
010472
009922
010650
011509
011751
010478
009840
009773
008950
012419
011479
009158
011503
011904
010934
010940
008753
008983
009953
010556
008860
012811
008887
012031
012334
010618
012481
009898
010306
011483
008785
011316
010202
009289
009593
008829
012034
012627
009623
012837
010066
009023
009207
009545
009222
010963
011078
010897
011379
012070
010888
011243
011470
008991
011155
010050
012538
009235
011917
010054
010597
009674
010567
008973
009149
009599
012800
012696
011501
012327
011191
012163
010090
012454
010123
010799
010836
009396
011272
010699
012397
012178
009719
011775
009107
010351
011516
009204
010905
011967
012615
011074
011842
010296
010918
012111
011757
011086
009676
010397
011677
011847
009051
010973
011478
012052
009539
011206
010232
012467
010477
011550
010039
009878
009561
009321
012231
012444
009522
012624
009602
010111
012752
012844
010230
012634
009641
009799
009187
011282
009771
008953
008765
011637
009930
010511
009060
010741
012465
009508
012393
011231
008883
010846
012625
010057
010437
011786
012406
010062
009525
009772
011724
008792
009079
011205
009271
012003
009022
011687
011858
011639
010253
008780
010573
011437
012757
009501
008978
012059
011430
011934
010630
010302
010571
012296
012726
012411
012282
008793
011852
009675
011012
012571
009566
009357
011782
011477
011605
012270
011310
010314
012637
012691
011603
012809
010667
011769
012058
011593
012852
010194
009122
010992
008963
008868
012261
012509
010837
010545
008965
010262
012347
009935
011165
011188
012295
009827
009214
012648
011795
010953
010120
010830
012569
011835
012861
012422
010948
011251
011432
010807
010334
011606
009344
011337
012447
012148
009604
010014
012229
009325
011525
011535
012755
009209
010898
011693
010198
010383
011883
012384
009717
011401
011246
012796
012213
010906
010448
011425
011663
012498
010955
009504
008836
009592
012825
011392
012814
010285
012080
010190
010833
008750
